Index theologorum.

655555515556655111115511632) 783 6111513 65155, 3,,.5(1584) ,

’15551553 115721. . 47 65555511 1555511570).

Lxxxvu

3537,

-. 107

65651 311, 35, 116531 , 989 6553 5556115555, ,553,(1648’) 1011

35,)11695,, , 9895 6551165115, 3,,511653

,1037

65655555111581, 55, (1578) 2205 6515515. 81. 35116 J. . . 738

6553511516 Nic. 553. 115751. , 108 6565555 Paul SJ. 35116081..

65155115 1ο SJ. 35,,11650) ,1022 Hoffmann 65553ἷ711642),
65155555051151. 086, 5515111137) 548 6511156155 6565 n. 55

,1214

1555) 155·

65151655556555 053 335 (16241 813 65565 6565566135, hi. 115791 124

6511551155 0115. 5511616) , . 4195 65 65565111, 553. (1662).
van 6555, 655551155 bat. (1610) 547 656556 655115,(,1625)

,1511 ’
, 555

653613551855 3571580) ,301221 65151551551155, 35116611. 1081'

65 15 6535 65115

3116601.. 10435 651355 556 christ. SJ. 515, 1626J 748
15615, 351Η1661) ,1043 65151155551355153511 ).·,

10335

1ο, SJ. 5511614), ,497 555 65515515 655155 be (1643) 1136

6555151165ι135,(1626’) .890 65 5515555, 55, 11576)77 .(15.915 228&
. . 2285

6515115. 3511662) ..... 10195 65 5155554135, OSA
65155155 855. SJ. 35, (1614), , 431 1511610 .....
656 0553, 81,35,,11634) , 643 65556555, 5115155..
6515515555(1η381.51,11637) 665 65

65515 Ant. 55. 11626.) ,299 11566) .......
65555355 4315 35115961 359 6551558155. pol. (1579),
6551151153511630). ,1022 655115513501, be. (1651·,1
65551555Ρ51135. (1624’),, ,1053 6555115515 81. 35, (1609)
65553555 Andr 111. (1618·1, 339 6115555155 1641“,,)
Chrys. ci. (1632). ,853 fluerlimanfigJo.
65ιιι, SJ. 11608), ,591 6535651511, 5511639).
6551, SJ. (1600), 5915 6535115558551111, 11610),

6551551551501). be. (15661 63 6535515155 615, 35115741..

65155515185581351, (1593). 214 6556 Wi ,,35 (1588),
65 6515551155 055535. (1576), 625 655355 5735, ,1,1604)

65 65655 1518151. (16261, 664 6555155651 611. 3511636).
...J 51...- 55 1155133355)

Herman Wolfg.
Hero 1115 51511559). 160 Patr SJ

6535516565, 05.. 5511589). 42 Thom. 5155553, 51, (1669).

65651ι5151153,81,51,(16491, 1151 653 55515, 086. 35, (16471,
11555 61551,(1900’1,143 63 55151555 65 15555 (16⁰)26.

Ρ51ι, ΟΡ. hi. (1630). 658 63 1515165111, Min. ,37377 (117137Ξ177Ξ777

’15515085116541 , , . 1151 63355555451615.
6511155, 65551555, 8511 (16541 1108
6515551051, 35, (1660),, ,11005 1

Henetus 0551 35 (1584),, ,296
65515515, ΟΡ. 55311566) 48 1351516155. 81. 35 (1629).

6515515 01, 3511650), ,1121 Hofflffeffi 11, (832651, 77

511555). , 777

71

,1090
, 664

44
,12025
,431
,1207
33

, 598
15

., 312

443
,746

927
1196
,1136
,315
3635

.,’ 707

6555511515, mar. (1620) , . 783 1355555515550535116521. 991

65516551. 111535. (1594),. ,313 55, 65115086, 155, 11644.
65555555155511566) . . . 36 6653555555 5 5153, OSA.

1655ι5511ο55116041, , 573 (16441

75565553559115115381. 551 555551555116091·
5551155131. F. 51. hi. (1551). 515 mesca 5551151801·
Hieronymus 65 01555 Hier. 51, 61151555Ρ51ι. it. 11581’.1

L 1216

929

4,115
, 824
, 161

(16381 ,,,,,,,,, 770 15555151· 651511, 81 35116481· 1110

5563550511647), ,1030 65 1551515515515376771ἔ771387)

Hier. 5656555511, 1571’,) 86 1551355115 65113
5651151151 05, hi. 1614). 614 1555555555 111 (15911.

1415

561515ιί5 03, it. (717570), X. 11, (1655) ...... 1159
655613555615168 51 (16111 517 5555555 1155110 335 (1626). 718

611555508611115851, , , 266 1515515565086, 51116561..
6115115555, 11555105, 3511656) 1024 1555515. 3511577) , . .
55,Α.ιι305.111,(1635’,.) 10245 1115555155, 11, 11646.)

915

, . 1895

,1093

 

